   0.00000,    0.00000
   0.00000,    1.02041
   0.00000,    2.04082
   0.00000,    3.06122
   0.00000,    4.08163
   0.00000,    5.10204
   0.00000,    6.12245
   0.00000,    7.14286
   0.00000,    8.16327
   0.00000,    9.18367
   1.00503,    0.00000
   1.00503,    1.02041
   1.00503,    2.04082
   1.00503,    3.06122
   1.00503,    4.08163
   1.00503,    5.10204
   1.00503,    6.12245
   1.00503,    7.14286
   1.00503,    8.16327
   1.00503,    9.18367
   1.00503,   10.20408
   2.01005,    0.00000
   2.01005,    1.02041
   2.01005,    2.04082
   2.01005,    3.06122
   2.01005,    4.08163
   2.01005,    5.10204
   2.01005,    6.12245
   2.01005,    7.14286
   2.01005,    8.16327
   2.01005,    9.18367
   2.01005,   10.20408
   3.01508,    0.00000
   3.01508,    1.02041
   3.01508,    2.04082
   3.01508,    3.06122
   3.01508,    4.08163
   3.01508,    5.10204
   3.01508,    6.12245
   3.01508,    7.14286
   3.01508,    8.16327
   3.01508,    9.18367
   3.01508,   10.20408
   4.02010,    0.00000
   4.02010,    1.02041
   4.02010,    2.04082
   4.02010,    3.06122
   4.02010,    4.08163
   4.02010,    5.10204
   4.02010,    6.12245
   4.02010,    7.14286
   4.02010,    8.16327
   4.02010,    9.18367
   4.02010,   10.20408
   4.02010,   11.22449
   5.02513,    0.00000
   5.02513,    1.02041
   5.02513,    2.04082
   5.02513,    3.06122
   5.02513,    4.08163
   5.02513,    5.10204
   5.02513,    6.12245
   5.02513,    7.14286
   5.02513,    8.16327
   5.02513,    9.18367
   5.02513,   10.20408
   5.02513,   11.22449
   6.03015,    0.00000
   6.03015,    1.02041
   6.03015,    2.04082
   6.03015,    3.06122
   6.03015,    4.08163
   6.03015,    5.10204
   6.03015,    6.12245
   6.03015,    7.14286
   6.03015,    8.16327
   6.03015,    9.18367
   6.03015,   10.20408
   6.03015,   11.22449
   7.03518,    0.00000
   7.03518,    1.02041
   7.03518,    2.04082
   7.03518,    3.06122
   7.03518,    4.08163
   7.03518,    5.10204
   7.03518,    6.12245
   7.03518,    7.14286
   7.03518,    8.16327
   7.03518,    9.18367
   7.03518,   10.20408
   7.03518,   11.22449
   8.04020,    0.00000
   8.04020,    1.02041
   8.04020,    2.04082
   8.04020,    3.06122
   8.04020,    4.08163
   8.04020,    5.10204
   8.04020,    6.12245
   8.04020,    7.14286
   8.04020,    8.16327
   8.04020,    9.18367
   8.04020,   10.20408
   8.04020,   11.22449
   8.04020,   12.24490
   9.04523,    0.00000
   9.04523,    1.02041
   9.04523,    2.04082
   9.04523,    3.06122
   9.04523,    4.08163
   9.04523,    5.10204
   9.04523,    6.12245
   9.04523,    7.14286
   9.04523,    8.16327
   9.04523,    9.18367
   9.04523,   10.20408
   9.04523,   11.22449
   9.04523,   12.24490
  10.05025,    0.00000
  10.05025,    1.02041
  10.05025,    2.04082
  10.05025,    3.06122
  10.05025,    4.08163
  10.05025,    5.10204
  10.05025,    6.12245
  10.05025,    7.14286
  10.05025,    8.16327
  10.05025,    9.18367
  10.05025,   10.20408
  10.05025,   11.22449
  10.05025,   12.24490
  11.05528,    0.00000
  11.05528,    1.02041
  11.05528,    2.04082
  11.05528,    3.06122
  11.05528,    4.08163
  11.05528,    5.10204
  11.05528,    6.12245
  11.05528,    7.14286
  11.05528,    8.16327
  11.05528,    9.18367
  11.05528,   10.20408
  11.05528,   11.22449
  11.05528,   12.24490
  12.06030,    0.00000
  12.06030,    1.02041
  12.06030,    2.04082
  12.06030,    3.06122
  12.06030,    4.08163
  12.06030,    5.10204
  12.06030,    6.12245
  12.06030,    7.14286
  12.06030,    8.16327
  12.06030,    9.18367
  12.06030,   10.20408
  12.06030,   11.22449
  12.06030,   12.24490
  12.06030,   13.26531
  13.06533,    0.00000
  13.06533,    1.02041
  13.06533,    2.04082
  13.06533,    3.06122
  13.06533,    4.08163
  13.06533,    5.10204
  13.06533,    6.12245
  13.06533,    7.14286
  13.06533,    8.16327
  13.06533,    9.18367
  13.06533,   10.20408
  13.06533,   11.22449
  13.06533,   12.24490
  13.06533,   13.26531
  14.07035,    0.00000
  14.07035,    1.02041
  14.07035,    2.04082
  14.07035,    3.06122
  14.07035,    4.08163
  14.07035,    5.10204
  14.07035,    6.12245
  14.07035,    7.14286
  14.07035,    8.16327
  14.07035,    9.18367
  14.07035,   10.20408
  14.07035,   11.22449
  14.07035,   12.24490
  14.07035,   13.26531
  15.07538,    0.00000
  15.07538,    1.02041
  15.07538,    2.04082
  15.07538,    3.06122
  15.07538,    4.08163
  15.07538,    5.10204
  15.07538,    6.12245
  15.07538,    7.14286
  15.07538,    8.16327
  15.07538,    9.18367
  15.07538,   10.20408
  15.07538,   11.22449
  15.07538,   12.24490
  15.07538,   13.26531
  16.08040,    0.00000
  16.08040,    1.02041
  16.08040,    2.04082
  16.08040,    3.06122
  16.08040,    4.08163
  16.08040,    5.10204
  16.08040,    6.12245
  16.08040,    7.14286
  16.08040,    8.16327
  16.08040,    9.18367
  16.08040,   10.20408
  16.08040,   11.22449
  16.08040,   12.24490
  16.08040,   13.26531
  17.08543,    0.00000
  17.08543,    1.02041
  17.08543,    2.04082
  17.08543,    3.06122
  17.08543,    4.08163
  17.08543,    5.10204
  17.08543,    6.12245
  17.08543,    7.14286
  17.08543,    8.16327
  17.08543,    9.18367
  17.08543,   10.20408
  17.08543,   11.22449
  17.08543,   12.24490
  17.08543,   13.26531
  17.08543,   14.28571
  18.09045,    0.00000
  18.09045,    1.02041
  18.09045,    2.04082
  18.09045,    3.06122
  18.09045,    4.08163
  18.09045,    5.10204
  18.09045,    6.12245
  18.09045,    7.14286
  18.09045,    8.16327
  18.09045,    9.18367
  18.09045,   10.20408
  18.09045,   11.22449
  18.09045,   12.24490
  18.09045,   13.26531
  18.09045,   14.28571
  19.09548,    0.00000
  19.09548,    1.02041
  19.09548,    2.04082
  19.09548,    3.06122
  19.09548,    4.08163
  19.09548,    5.10204
  19.09548,    6.12245
  19.09548,    7.14286
  19.09548,    8.16327
  19.09548,    9.18367
  19.09548,   10.20408
  19.09548,   11.22449
  19.09548,   12.24490
  19.09548,   13.26531
  19.09548,   14.28571
  20.10050,    0.00000
  20.10050,    1.02041
  20.10050,    2.04082
  20.10050,    3.06122
  20.10050,    4.08163
  20.10050,    5.10204
  20.10050,    6.12245
  20.10050,    7.14286
  20.10050,    8.16327
  20.10050,    9.18367
  20.10050,   10.20408
  20.10050,   11.22449
  20.10050,   12.24490
  20.10050,   13.26531
  20.10050,   14.28571
  21.10553,    0.00000
  21.10553,    1.02041
  21.10553,    2.04082
  21.10553,    3.06122
  21.10553,    4.08163
  21.10553,    5.10204
  21.10553,    6.12245
  21.10553,    7.14286
  21.10553,    8.16327
  21.10553,    9.18367
  21.10553,   10.20408
  21.10553,   11.22449
  21.10553,   12.24490
  21.10553,   13.26531
  21.10553,   14.28571
  22.11055,    0.00000
  22.11055,    1.02041
  22.11055,    2.04082
  22.11055,    3.06122
  22.11055,    4.08163
  22.11055,    5.10204
  22.11055,    6.12245
  22.11055,    7.14286
  22.11055,    8.16327
  22.11055,    9.18367
  22.11055,   10.20408
  22.11055,   11.22449
  22.11055,   12.24490
  22.11055,   13.26531
  22.11055,   14.28571
  23.11558,    0.00000
  23.11558,    1.02041
  23.11558,    2.04082
  23.11558,    3.06122
  23.11558,    4.08163
  23.11558,    5.10204
  23.11558,    6.12245
  23.11558,    7.14286
  23.11558,    8.16327
  23.11558,    9.18367
  23.11558,   10.20408
  23.11558,   11.22449
  23.11558,   12.24490
  23.11558,   13.26531
  23.11558,   14.28571
  24.12060,    0.00000
  24.12060,    1.02041
  24.12060,    2.04082
  24.12060,    3.06122
  24.12060,    4.08163
  24.12060,    5.10204
  24.12060,    6.12245
  24.12060,    7.14286
  24.12060,    8.16327
  24.12060,    9.18367
  24.12060,   10.20408
  24.12060,   11.22449
  24.12060,   12.24490
  24.12060,   13.26531
  24.12060,   14.28571
  25.12563,    0.00000
  25.12563,    1.02041
  25.12563,    2.04082
  25.12563,    3.06122
  25.12563,    4.08163
  25.12563,    5.10204
  25.12563,    6.12245
  25.12563,    7.14286
  25.12563,    8.16327
  25.12563,    9.18367
  25.12563,   10.20408
  25.12563,   11.22449
  25.12563,   12.24490
  25.12563,   13.26531
  25.12563,   14.28571
  26.13065,    0.00000
  26.13065,    1.02041
  26.13065,    2.04082
  26.13065,    3.06122
  26.13065,    4.08163
  26.13065,    5.10204
  26.13065,    6.12245
  26.13065,    7.14286
  26.13065,    8.16327
  26.13065,    9.18367
  26.13065,   10.20408
  26.13065,   11.22449
  26.13065,   12.24490
  26.13065,   13.26531
  26.13065,   14.28571
  27.13568,    0.00000
  27.13568,    1.02041
  27.13568,    2.04082
  27.13568,    3.06122
  27.13568,    4.08163
  27.13568,    5.10204
  27.13568,    6.12245
  27.13568,    7.14286
  27.13568,    8.16327
  27.13568,    9.18367
  27.13568,   10.20408
  27.13568,   11.22449
  27.13568,   12.24490
  27.13568,   13.26531
  27.13568,   14.28571
  28.14070,    0.00000
  28.14070,    1.02041
  28.14070,    2.04082
  28.14070,    3.06122
  28.14070,    4.08163
  28.14070,    5.10204
  28.14070,    6.12245
  28.14070,    7.14286
  28.14070,    8.16327
  28.14070,    9.18367
  28.14070,   10.20408
  28.14070,   11.22449
  28.14070,   12.24490
  28.14070,   13.26531
  28.14070,   14.28571
  29.14573,    0.00000
  29.14573,    1.02041
  29.14573,    2.04082
  29.14573,    3.06122
  29.14573,    4.08163
  29.14573,    5.10204
  29.14573,    6.12245
  29.14573,    7.14286
  29.14573,    8.16327
  29.14573,    9.18367
  29.14573,   10.20408
  29.14573,   11.22449
  29.14573,   12.24490
  29.14573,   13.26531
  29.14573,   14.28571
  30.15075,    0.00000
  30.15075,    1.02041
  30.15075,    2.04082
  30.15075,    3.06122
  30.15075,    4.08163
  30.15075,    5.10204
  30.15075,    6.12245
  30.15075,    7.14286
  30.15075,    8.16327
  30.15075,    9.18367
  30.15075,   10.20408
  30.15075,   11.22449
  30.15075,   12.24490
  30.15075,   13.26531
  30.15075,   14.28571
  31.15578,    0.00000
  31.15578,    1.02041
  31.15578,    2.04082
  31.15578,    3.06122
  31.15578,    4.08163
  31.15578,    5.10204
  31.15578,    6.12245
  31.15578,    7.14286
  31.15578,    8.16327
  31.15578,    9.18367
  31.15578,   10.20408
  31.15578,   11.22449
  31.15578,   12.24490
  31.15578,   13.26531
  31.15578,   14.28571
  32.16080,    0.00000
  32.16080,    1.02041
  32.16080,    2.04082
  32.16080,    3.06122
  32.16080,    4.08163
  32.16080,    5.10204
  32.16080,    6.12245
  32.16080,    7.14286
  32.16080,    8.16327
  32.16080,    9.18367
  32.16080,   10.20408
  32.16080,   11.22449
  32.16080,   12.24490
  32.16080,   13.26531
  32.16080,   14.28571
  33.16583,    0.00000
  33.16583,    1.02041
  33.16583,    2.04082
  33.16583,    3.06122
  33.16583,    4.08163
  33.16583,    5.10204
  33.16583,    6.12245
  33.16583,    7.14286
  33.16583,    8.16327
  33.16583,    9.18367
  33.16583,   10.20408
  33.16583,   11.22449
  33.16583,   12.24490
  33.16583,   13.26531
  33.16583,   14.28571
  34.17085,    0.00000
  34.17085,    1.02041
  34.17085,    2.04082
  34.17085,    3.06122
  34.17085,    4.08163
  34.17085,    5.10204
  34.17085,    6.12245
  34.17085,    7.14286
  34.17085,    8.16327
  34.17085,    9.18367
  34.17085,   10.20408
  34.17085,   11.22449
  34.17085,   12.24490
  34.17085,   13.26531
  35.17588,    0.00000
  35.17588,    1.02041
  35.17588,    2.04082
  35.17588,    3.06122
  35.17588,    4.08163
  35.17588,    5.10204
  35.17588,    6.12245
  35.17588,    7.14286
  35.17588,    8.16327
  35.17588,    9.18367
  35.17588,   10.20408
  35.17588,   11.22449
  35.17588,   12.24490
  35.17588,   13.26531
  36.18090,    0.00000
  36.18090,    1.02041
  36.18090,    2.04082
  36.18090,    3.06122
  36.18090,    4.08163
  36.18090,    5.10204
  36.18090,    6.12245
  36.18090,    7.14286
  36.18090,    8.16327
  36.18090,    9.18367
  36.18090,   10.20408
  36.18090,   11.22449
  36.18090,   12.24490
  36.18090,   13.26531
  37.18593,    0.00000
  37.18593,    1.02041
  37.18593,    2.04082
  37.18593,    3.06122
  37.18593,    4.08163
  37.18593,    5.10204
  37.18593,    6.12245
  37.18593,    7.14286
  37.18593,    8.16327
  37.18593,    9.18367
  37.18593,   10.20408
  37.18593,   11.22449
  37.18593,   12.24490
  37.18593,   13.26531
  38.19095,    0.00000
  38.19095,    1.02041
  38.19095,    2.04082
  38.19095,    3.06122
  38.19095,    4.08163
  38.19095,    5.10204
  38.19095,    6.12245
  38.19095,    7.14286
  38.19095,    8.16327
  38.19095,    9.18367
  38.19095,   10.20408
  38.19095,   11.22449
  38.19095,   12.24490
  38.19095,   13.26531
  39.19598,    0.00000
  39.19598,    1.02041
  39.19598,    2.04082
  39.19598,    3.06122
  39.19598,    4.08163
  39.19598,    5.10204
  39.19598,    6.12245
  39.19598,    7.14286
  39.19598,    8.16327
  39.19598,    9.18367
  39.19598,   10.20408
  39.19598,   11.22449
  39.19598,   12.24490
  40.20101,    0.00000
  40.20101,    1.02041
  40.20101,    2.04082
  40.20101,    3.06122
  40.20101,    4.08163
  40.20101,    5.10204
  40.20101,    6.12245
  40.20101,    7.14286
  40.20101,    8.16327
  40.20101,    9.18367
  40.20101,   10.20408
  40.20101,   11.22449
  40.20101,   12.24490
  41.20603,    0.00000
  41.20603,    1.02041
  41.20603,    2.04082
  41.20603,    3.06122
  41.20603,    4.08163
  41.20603,    5.10204
  41.20603,    6.12245
  41.20603,    7.14286
  41.20603,    8.16327
  41.20603,    9.18367
  41.20603,   10.20408
  41.20603,   11.22449
  41.20603,   12.24490
  42.21106,    0.00000
  42.21106,    1.02041
  42.21106,    2.04082
  42.21106,    3.06122
  42.21106,    4.08163
  42.21106,    5.10204
  42.21106,    6.12245
  42.21106,    7.14286
  42.21106,    8.16327
  42.21106,    9.18367
  42.21106,   10.20408
  42.21106,   11.22449
  42.21106,   12.24490
  43.21608,    0.00000
  43.21608,    1.02041
  43.21608,    2.04082
  43.21608,    3.06122
  43.21608,    4.08163
  43.21608,    5.10204
  43.21608,    6.12245
  43.21608,    7.14286
  43.21608,    8.16327
  43.21608,    9.18367
  43.21608,   10.20408
  43.21608,   11.22449
  44.22111,    0.00000
  44.22111,    1.02041
  44.22111,    2.04082
  44.22111,    3.06122
  44.22111,    4.08163
  44.22111,    5.10204
  44.22111,    6.12245
  44.22111,    7.14286
  44.22111,    8.16327
  44.22111,    9.18367
  44.22111,   10.20408
  44.22111,   11.22449
  45.22613,    0.00000
  45.22613,    1.02041
  45.22613,    2.04082
  45.22613,    3.06122
  45.22613,    4.08163
  45.22613,    5.10204
  45.22613,    6.12245
  45.22613,    7.14286
  45.22613,    8.16327
  45.22613,    9.18367
  45.22613,   10.20408
  45.22613,   11.22449
  46.23116,    0.00000
  46.23116,    1.02041
  46.23116,    2.04082
  46.23116,    3.06122
  46.23116,    4.08163
  46.23116,    5.10204
  46.23116,    6.12245
  46.23116,    7.14286
  46.23116,    8.16327
  46.23116,    9.18367
  46.23116,   10.20408
  47.23618,    0.00000
  47.23618,    1.02041
  47.23618,    2.04082
  47.23618,    3.06122
  47.23618,    4.08163
  47.23618,    5.10204
  47.23618,    6.12245
  47.23618,    7.14286
  47.23618,    8.16327
  47.23618,    9.18367
  47.23618,   10.20408
  48.24121,    0.00000
  48.24121,    1.02041
  48.24121,    2.04082
  48.24121,    3.06122
  48.24121,    4.08163
  48.24121,    5.10204
  48.24121,    6.12245
  48.24121,    7.14286
  48.24121,    8.16327
  48.24121,    9.18367
  48.24121,   10.20408
  49.24623,    0.00000
  49.24623,    1.02041
  49.24623,    2.04082
  49.24623,    3.06122
  49.24623,    4.08163
  49.24623,    5.10204
  49.24623,    6.12245
  49.24623,    7.14286
  49.24623,    8.16327
  49.24623,    9.18367
  49.24623,   10.20408
  50.25126,    0.00000
  50.25126,    1.02041
  50.25126,    2.04082
  50.25126,    3.06122
  50.25126,    4.08163
  50.25126,    5.10204
  50.25126,    6.12245
  50.25126,    7.14286
  50.25126,    8.16327
  50.25126,    9.18367
  51.25628,    0.00000
  51.25628,    1.02041
  51.25628,    2.04082
  51.25628,    3.06122
  51.25628,    4.08163
  51.25628,    5.10204
  51.25628,    6.12245
  51.25628,    7.14286
  51.25628,    8.16327
  51.25628,    9.18367
  52.26131,    0.00000
  52.26131,    1.02041
  52.26131,    2.04082
  52.26131,    3.06122
  52.26131,    4.08163
  52.26131,    5.10204
  52.26131,    6.12245
  52.26131,    7.14286
  52.26131,    8.16327
  52.26131,    9.18367
  53.26633,    0.00000
  53.26633,    1.02041
  53.26633,    2.04082
  53.26633,    3.06122
  53.26633,    4.08163
  53.26633,    5.10204
  53.26633,    6.12245
  53.26633,    7.14286
  53.26633,    8.16327
  54.27136,    0.00000
  54.27136,    1.02041
  54.27136,    2.04082
  54.27136,    3.06122
  54.27136,    4.08163
  54.27136,    5.10204
  54.27136,    6.12245
  54.27136,    7.14286
  54.27136,    8.16327
  55.27638,    0.00000
  55.27638,    1.02041
  55.27638,    2.04082
  55.27638,    3.06122
  55.27638,    4.08163
  55.27638,    5.10204
  55.27638,    6.12245
  55.27638,    7.14286
  55.27638,    8.16327
  56.28141,    0.00000
  56.28141,    1.02041
  56.28141,    2.04082
  56.28141,    3.06122
  56.28141,    4.08163
  56.28141,    5.10204
  56.28141,    6.12245
  56.28141,    7.14286
  57.28643,    0.00000
  57.28643,    1.02041
  57.28643,    2.04082
  57.28643,    3.06122
  57.28643,    4.08163
  57.28643,    5.10204
  57.28643,    6.12245
  57.28643,    7.14286
  58.29146,    0.00000
  58.29146,    1.02041
  58.29146,    2.04082
  58.29146,    3.06122
  58.29146,    4.08163
  58.29146,    5.10204
  58.29146,    6.12245
  58.29146,    7.14286
  59.29648,    0.00000
  59.29648,    1.02041
  59.29648,    2.04082
  59.29648,    3.06122
  59.29648,    4.08163
  59.29648,    5.10204
  59.29648,    6.12245
  59.29648,    7.14286
  60.30151,    0.00000
  60.30151,    1.02041
  60.30151,    2.04082
  60.30151,    3.06122
  60.30151,    4.08163
  60.30151,    5.10204
  60.30151,    6.12245
  61.30653,    0.00000
  61.30653,    1.02041
  61.30653,    2.04082
  61.30653,    3.06122
  61.30653,    4.08163
  61.30653,    5.10204
  61.30653,    6.12245
  62.31156,    0.00000
  62.31156,    1.02041
  62.31156,    2.04082
  62.31156,    3.06122
  62.31156,    4.08163
  62.31156,    5.10204
  62.31156,    6.12245
  63.31658,    0.00000
  63.31658,    1.02041
  63.31658,    2.04082
  63.31658,    3.06122
  63.31658,    4.08163
  63.31658,    5.10204
  63.31658,    6.12245
  64.32161,    0.00000
  64.32161,    1.02041
  64.32161,    2.04082
  64.32161,    3.06122
  64.32161,    4.08163
  64.32161,    5.10204
  65.32663,    0.00000
  65.32663,    1.02041
  65.32663,    2.04082
  65.32663,    3.06122
  65.32663,    4.08163
  65.32663,    5.10204
  66.33166,    0.00000
  66.33166,    1.02041
  66.33166,    2.04082
  66.33166,    3.06122
  66.33166,    4.08163
  66.33166,    5.10204
  67.33668,    0.00000
  67.33668,    1.02041
  67.33668,    2.04082
  67.33668,    3.06122
  67.33668,    4.08163
  67.33668,    5.10204
  68.34171,    0.00000
  68.34171,    1.02041
  68.34171,    2.04082
  68.34171,    3.06122
  68.34171,    4.08163
  68.34171,    5.10204
  69.34673,    0.00000
  69.34673,    1.02041
  69.34673,    2.04082
  69.34673,    3.06122
  69.34673,    4.08163
  69.34673,    5.10204
  70.35176,    0.00000
  70.35176,    1.02041
  70.35176,    2.04082
  70.35176,    3.06122
  70.35176,    4.08163
  70.35176,    5.10204
  71.35678,    0.00000
  71.35678,    1.02041
  71.35678,    2.04082
  71.35678,    3.06122
  71.35678,    4.08163
  71.35678,    5.10204
  72.36181,    0.00000
  72.36181,    1.02041
  72.36181,    2.04082
  72.36181,    3.06122
  72.36181,    4.08163
  73.36683,    0.00000
  73.36683,    1.02041
  73.36683,    2.04082
  73.36683,    3.06122
  73.36683,    4.08163
  74.37186,    0.00000
  74.37186,    1.02041
  74.37186,    2.04082
  74.37186,    3.06122
  74.37186,    4.08163
  75.37688,    0.00000
  75.37688,    1.02041
  75.37688,    2.04082
  75.37688,    3.06122
  75.37688,    4.08163
  76.38191,    0.00000
  76.38191,    1.02041
  76.38191,    2.04082
  76.38191,    3.06122
  76.38191,    4.08163
  77.38693,    0.00000
  77.38693,    1.02041
  77.38693,    2.04082
  77.38693,    3.06122
  77.38693,    4.08163
  78.39196,    0.00000
  78.39196,    1.02041
  78.39196,    2.04082
  78.39196,    3.06122
  78.39196,    4.08163
  78.39196,    5.10204
  79.39698,    0.00000
  79.39698,    1.02041
  79.39698,    2.04082
  79.39698,    3.06122
  79.39698,    4.08163
  79.39698,    5.10204
  80.40201,    0.00000
  80.40201,    1.02041
  80.40201,    2.04082
  80.40201,    3.06122
  80.40201,    4.08163
  80.40201,    5.10204
  81.40704,    0.00000
  81.40704,    1.02041
  81.40704,    2.04082
  81.40704,    3.06122
  81.40704,    4.08163
  81.40704,    5.10204
  82.41206,    0.00000
  82.41206,    1.02041
  82.41206,    2.04082
  82.41206,    3.06122
  82.41206,    4.08163
  82.41206,    5.10204
  83.41709,    0.00000
  83.41709,    1.02041
  83.41709,    2.04082
  83.41709,    3.06122
  83.41709,    4.08163
  83.41709,    5.10204
  84.42211,    0.00000
  84.42211,    1.02041
  84.42211,    2.04082
  84.42211,    3.06122
  84.42211,    4.08163
  84.42211,    5.10204
  85.42714,    0.00000
  85.42714,    1.02041
  85.42714,    2.04082
  85.42714,    3.06122
  85.42714,    4.08163
  85.42714,    5.10204
  86.43216,    0.00000
  86.43216,    1.02041
  86.43216,    2.04082
  86.43216,    3.06122
  86.43216,    4.08163
  86.43216,    5.10204
  86.43216,    6.12245
  87.43719,    0.00000
  87.43719,    1.02041
  87.43719,    2.04082
  87.43719,    3.06122
  87.43719,    4.08163
  87.43719,    5.10204
  87.43719,    6.12245
  88.44221,    0.00000
  88.44221,    1.02041
  88.44221,    2.04082
  88.44221,    3.06122
  88.44221,    4.08163
  88.44221,    5.10204
  88.44221,    6.12245
  89.44724,    0.00000
  89.44724,    1.02041
  89.44724,    2.04082
  89.44724,    3.06122
  89.44724,    4.08163
  89.44724,    5.10204
  89.44724,    6.12245
  90.45226,    0.00000
  90.45226,    1.02041
  90.45226,    2.04082
  90.45226,    3.06122
  90.45226,    4.08163
  90.45226,    5.10204
  90.45226,    6.12245
  90.45226,    7.14286
  91.45729,    0.00000
  91.45729,    1.02041
  91.45729,    2.04082
  91.45729,    3.06122
  91.45729,    4.08163
  91.45729,    5.10204
  91.45729,    6.12245
  91.45729,    7.14286
  92.46231,    0.00000
  92.46231,    1.02041
  92.46231,    2.04082
  92.46231,    3.06122
  92.46231,    4.08163
  92.46231,    5.10204
  92.46231,    6.12245
  92.46231,    7.14286
  93.46734,    0.00000
  93.46734,    1.02041
  93.46734,    2.04082
  93.46734,    3.06122
  93.46734,    4.08163
  93.46734,    5.10204
  93.46734,    6.12245
  93.46734,    7.14286
  94.47236,    0.00000
  94.47236,    1.02041
  94.47236,    2.04082
  94.47236,    3.06122
  94.47236,    4.08163
  94.47236,    5.10204
  94.47236,    6.12245
  94.47236,    7.14286
  94.47236,    8.16327
  95.47739,    0.00000
  95.47739,    1.02041
  95.47739,    2.04082
  95.47739,    3.06122
  95.47739,    4.08163
  95.47739,    5.10204
  95.47739,    6.12245
  95.47739,    7.14286
  95.47739,    8.16327
  96.48241,    0.00000
  96.48241,    1.02041
  96.48241,    2.04082
  96.48241,    3.06122
  96.48241,    4.08163
  96.48241,    5.10204
  96.48241,    6.12245
  96.48241,    7.14286
  96.48241,    8.16327
  97.48744,    0.00000
  97.48744,    1.02041
  97.48744,    2.04082
  97.48744,    3.06122
  97.48744,    4.08163
  97.48744,    5.10204
  97.48744,    6.12245
  97.48744,    7.14286
  97.48744,    8.16327
  97.48744,    9.18367
  98.49246,    0.00000
  98.49246,    1.02041
  98.49246,    2.04082
  98.49246,    3.06122
  98.49246,    4.08163
  98.49246,    5.10204
  98.49246,    6.12245
  98.49246,    7.14286
  98.49246,    8.16327
  98.49246,    9.18367
  99.49749,    0.00000
  99.49749,    1.02041
  99.49749,    2.04082
  99.49749,    3.06122
  99.49749,    4.08163
  99.49749,    5.10204
  99.49749,    6.12245
  99.49749,    7.14286
  99.49749,    8.16327
  99.49749,    9.18367
 100.50251,    0.00000
 100.50251,    1.02041
 100.50251,    2.04082
 100.50251,    3.06122
 100.50251,    4.08163
 100.50251,    5.10204
 100.50251,    6.12245
 100.50251,    7.14286
 100.50251,    8.16327
 100.50251,    9.18367
 101.50754,    0.00000
 101.50754,    1.02041
 101.50754,    2.04082
 101.50754,    3.06122
 101.50754,    4.08163
 101.50754,    5.10204
 101.50754,    6.12245
 101.50754,    7.14286
 101.50754,    8.16327
 101.50754,    9.18367
 101.50754,   10.20408
 102.51256,    0.00000
 102.51256,    1.02041
 102.51256,    2.04082
 102.51256,    3.06122
 102.51256,    4.08163
 102.51256,    5.10204
 102.51256,    6.12245
 102.51256,    7.14286
 102.51256,    8.16327
 102.51256,    9.18367
 102.51256,   10.20408
 103.51759,    0.00000
 103.51759,    1.02041
 103.51759,    2.04082
 103.51759,    3.06122
 103.51759,    4.08163
 103.51759,    5.10204
 103.51759,    6.12245
 103.51759,    7.14286
 103.51759,    8.16327
 103.51759,    9.18367
 103.51759,   10.20408
 104.52261,    0.00000
 104.52261,    1.02041
 104.52261,    2.04082
 104.52261,    3.06122
 104.52261,    4.08163
 104.52261,    5.10204
 104.52261,    6.12245
 104.52261,    7.14286
 104.52261,    8.16327
 104.52261,    9.18367
 104.52261,   10.20408
 104.52261,   11.22449
 105.52764,    0.00000
 105.52764,    1.02041
 105.52764,    2.04082
 105.52764,    3.06122
 105.52764,    4.08163
 105.52764,    5.10204
 105.52764,    6.12245
 105.52764,    7.14286
 105.52764,    8.16327
 105.52764,    9.18367
 105.52764,   10.20408
 105.52764,   11.22449
 106.53266,    0.00000
 106.53266,    1.02041
 106.53266,    2.04082
 106.53266,    3.06122
 106.53266,    4.08163
 106.53266,    5.10204
 106.53266,    6.12245
 106.53266,    7.14286
 106.53266,    8.16327
 106.53266,    9.18367
 106.53266,   10.20408
 106.53266,   11.22449
 107.53769,    0.00000
 107.53769,    1.02041
 107.53769,    2.04082
 107.53769,    3.06122
 107.53769,    4.08163
 107.53769,    5.10204
 107.53769,    6.12245
 107.53769,    7.14286
 107.53769,    8.16327
 107.53769,    9.18367
 107.53769,   10.20408
 107.53769,   11.22449
 107.53769,   12.24490
 108.54271,    0.00000
 108.54271,    1.02041
 108.54271,    2.04082
 108.54271,    3.06122
 108.54271,    4.08163
 108.54271,    5.10204
 108.54271,    6.12245
 108.54271,    7.14286
 108.54271,    8.16327
 108.54271,    9.18367
 108.54271,   10.20408
 108.54271,   11.22449
 108.54271,   12.24490
 109.54774,    0.00000
 109.54774,    1.02041
 109.54774,    2.04082
 109.54774,    3.06122
 109.54774,    4.08163
 109.54774,    5.10204
 109.54774,    6.12245
 109.54774,    7.14286
 109.54774,    8.16327
 109.54774,    9.18367
 109.54774,   10.20408
 109.54774,   11.22449
 109.54774,   12.24490
 110.55276,    0.00000
 110.55276,    1.02041
 110.55276,    2.04082
 110.55276,    3.06122
 110.55276,    4.08163
 110.55276,    5.10204
 110.55276,    6.12245
 110.55276,    7.14286
 110.55276,    8.16327
 110.55276,    9.18367
 110.55276,   10.20408
 110.55276,   11.22449
 110.55276,   12.24490
 111.55779,    0.00000
 111.55779,    1.02041
 111.55779,    2.04082
 111.55779,    3.06122
 111.55779,    4.08163
 111.55779,    5.10204
 111.55779,    6.12245
 111.55779,    7.14286
 111.55779,    8.16327
 111.55779,    9.18367
 111.55779,   10.20408
 111.55779,   11.22449
 111.55779,   12.24490
 111.55779,   13.26531
 112.56281,    0.00000
 112.56281,    1.02041
 112.56281,    2.04082
 112.56281,    3.06122
 112.56281,    4.08163
 112.56281,    5.10204
 112.56281,    6.12245
 112.56281,    7.14286
 112.56281,    8.16327
 112.56281,    9.18367
 112.56281,   10.20408
 112.56281,   11.22449
 112.56281,   12.24490
 112.56281,   13.26531
 113.56784,    0.00000
 113.56784,    1.02041
 113.56784,    2.04082
 113.56784,    3.06122
 113.56784,    4.08163
 113.56784,    5.10204
 113.56784,    6.12245
 113.56784,    7.14286
 113.56784,    8.16327
 113.56784,    9.18367
 113.56784,   10.20408
 113.56784,   11.22449
 113.56784,   12.24490
 113.56784,   13.26531
 114.57286,    0.00000
 114.57286,    1.02041
 114.57286,    2.04082
 114.57286,    3.06122
 114.57286,    4.08163
 114.57286,    5.10204
 114.57286,    6.12245
 114.57286,    7.14286
 114.57286,    8.16327
 114.57286,    9.18367
 114.57286,   10.20408
 114.57286,   11.22449
 114.57286,   12.24490
 114.57286,   13.26531
 115.57789,    0.00000
 115.57789,    1.02041
 115.57789,    2.04082
 115.57789,    3.06122
 115.57789,    4.08163
 115.57789,    5.10204
 115.57789,    6.12245
 115.57789,    7.14286
 115.57789,    8.16327
 115.57789,    9.18367
 115.57789,   10.20408
 115.57789,   11.22449
 115.57789,   12.24490
 115.57789,   13.26531
 116.58291,    0.00000
 116.58291,    1.02041
 116.58291,    2.04082
 116.58291,    3.06122
 116.58291,    4.08163
 116.58291,    5.10204
 116.58291,    6.12245
 116.58291,    7.14286
 116.58291,    8.16327
 116.58291,    9.18367
 116.58291,   10.20408
 116.58291,   11.22449
 116.58291,   12.24490
 116.58291,   13.26531
 116.58291,   14.28571
 117.58794,    0.00000
 117.58794,    1.02041
 117.58794,    2.04082
 117.58794,    3.06122
 117.58794,    4.08163
 117.58794,    5.10204
 117.58794,    6.12245
 117.58794,    7.14286
 117.58794,    8.16327
 117.58794,    9.18367
 117.58794,   10.20408
 117.58794,   11.22449
 117.58794,   12.24490
 117.58794,   13.26531
 117.58794,   14.28571
 118.59296,    0.00000
 118.59296,    1.02041
 118.59296,    2.04082
 118.59296,    3.06122
 118.59296,    4.08163
 118.59296,    5.10204
 118.59296,    6.12245
 118.59296,    7.14286
 118.59296,    8.16327
 118.59296,    9.18367
 118.59296,   10.20408
 118.59296,   11.22449
 118.59296,   12.24490
 118.59296,   13.26531
 118.59296,   14.28571
 119.59799,    0.00000
 119.59799,    1.02041
 119.59799,    2.04082
 119.59799,    3.06122
 119.59799,    4.08163
 119.59799,    5.10204
 119.59799,    6.12245
 119.59799,    7.14286
 119.59799,    8.16327
 119.59799,    9.18367
 119.59799,   10.20408
 119.59799,   11.22449
 119.59799,   12.24490
 119.59799,   13.26531
 119.59799,   14.28571
 120.60302,    0.00000
 120.60302,    1.02041
 120.60302,    2.04082
 120.60302,    3.06122
 120.60302,    4.08163
 120.60302,    5.10204
 120.60302,    6.12245
 120.60302,    7.14286
 120.60302,    8.16327
 120.60302,    9.18367
 120.60302,   10.20408
 120.60302,   11.22449
 120.60302,   12.24490
 120.60302,   13.26531
 120.60302,   14.28571
 121.60804,    0.00000
 121.60804,    1.02041
 121.60804,    2.04082
 121.60804,    3.06122
 121.60804,    4.08163
 121.60804,    5.10204
 121.60804,    6.12245
 121.60804,    7.14286
 121.60804,    8.16327
 121.60804,    9.18367
 121.60804,   10.20408
 121.60804,   11.22449
 121.60804,   12.24490
 121.60804,   13.26531
 121.60804,   14.28571
 122.61307,    0.00000
 122.61307,    1.02041
 122.61307,    2.04082
 122.61307,    3.06122
 122.61307,    4.08163
 122.61307,    5.10204
 122.61307,    6.12245
 122.61307,    7.14286
 122.61307,    8.16327
 122.61307,    9.18367
 122.61307,   10.20408
 122.61307,   11.22449
 122.61307,   12.24490
 122.61307,   13.26531
 122.61307,   14.28571
 123.61809,    0.00000
 123.61809,    1.02041
 123.61809,    2.04082
 123.61809,    3.06122
 123.61809,    4.08163
 123.61809,    5.10204
 123.61809,    6.12245
 123.61809,    7.14286
 123.61809,    8.16327
 123.61809,    9.18367
 123.61809,   10.20408
 123.61809,   11.22449
 123.61809,   12.24490
 123.61809,   13.26531
 123.61809,   14.28571
 124.62312,    0.00000
 124.62312,    1.02041
 124.62312,    2.04082
 124.62312,    3.06122
 124.62312,    4.08163
 124.62312,    5.10204
 124.62312,    6.12245
 124.62312,    7.14286
 124.62312,    8.16327
 124.62312,    9.18367
 124.62312,   10.20408
 124.62312,   11.22449
 124.62312,   12.24490
 124.62312,   13.26531
 124.62312,   14.28571
 125.62814,    0.00000
 125.62814,    1.02041
 125.62814,    2.04082
 125.62814,    3.06122
 125.62814,    4.08163
 125.62814,    5.10204
 125.62814,    6.12245
 125.62814,    7.14286
 125.62814,    8.16327
 125.62814,    9.18367
 125.62814,   10.20408
 125.62814,   11.22449
 125.62814,   12.24490
 125.62814,   13.26531
 125.62814,   14.28571
 126.63317,    0.00000
 126.63317,    1.02041
 126.63317,    2.04082
 126.63317,    3.06122
 126.63317,    4.08163
 126.63317,    5.10204
 126.63317,    6.12245
 126.63317,    7.14286
 126.63317,    8.16327
 126.63317,    9.18367
 126.63317,   10.20408
 126.63317,   11.22449
 126.63317,   12.24490
 126.63317,   13.26531
 126.63317,   14.28571
 127.63819,    0.00000
 127.63819,    1.02041
 127.63819,    2.04082
 127.63819,    3.06122
 127.63819,    4.08163
 127.63819,    5.10204
 127.63819,    6.12245
 127.63819,    7.14286
 127.63819,    8.16327
 127.63819,    9.18367
 127.63819,   10.20408
 127.63819,   11.22449
 127.63819,   12.24490
 127.63819,   13.26531
 127.63819,   14.28571
 128.64322,    0.00000
 128.64322,    1.02041
 128.64322,    2.04082
 128.64322,    3.06122
 128.64322,    4.08163
 128.64322,    5.10204
 128.64322,    6.12245
 128.64322,    7.14286
 128.64322,    8.16327
 128.64322,    9.18367
 128.64322,   10.20408
 128.64322,   11.22449
 128.64322,   12.24490
 128.64322,   13.26531
 128.64322,   14.28571
 129.64824,    0.00000
 129.64824,    1.02041
 129.64824,    2.04082
 129.64824,    3.06122
 129.64824,    4.08163
 129.64824,    5.10204
 129.64824,    6.12245
 129.64824,    7.14286
 129.64824,    8.16327
 129.64824,    9.18367
 129.64824,   10.20408
 129.64824,   11.22449
 129.64824,   12.24490
 129.64824,   13.26531
 129.64824,   14.28571
 130.65327,    0.00000
 130.65327,    1.02041
 130.65327,    2.04082
 130.65327,    3.06122
 130.65327,    4.08163
 130.65327,    5.10204
 130.65327,    6.12245
 130.65327,    7.14286
 130.65327,    8.16327
 130.65327,    9.18367
 130.65327,   10.20408
 130.65327,   11.22449
 130.65327,   12.24490
 130.65327,   13.26531
 130.65327,   14.28571
 131.65829,    0.00000
 131.65829,    1.02041
 131.65829,    2.04082
 131.65829,    3.06122
 131.65829,    4.08163
 131.65829,    5.10204
 131.65829,    6.12245
 131.65829,    7.14286
 131.65829,    8.16327
 131.65829,    9.18367
 131.65829,   10.20408
 131.65829,   11.22449
 131.65829,   12.24490
 131.65829,   13.26531
 131.65829,   14.28571
 132.66332,    0.00000
 132.66332,    1.02041
 132.66332,    2.04082
 132.66332,    3.06122
 132.66332,    4.08163
 132.66332,    5.10204
 132.66332,    6.12245
 132.66332,    7.14286
 132.66332,    8.16327
 132.66332,    9.18367
 132.66332,   10.20408
 132.66332,   11.22449
 132.66332,   12.24490
 132.66332,   13.26531
 132.66332,   14.28571
 133.66834,    0.00000
 133.66834,    1.02041
 133.66834,    2.04082
 133.66834,    3.06122
 133.66834,    4.08163
 133.66834,    5.10204
 133.66834,    6.12245
 133.66834,    7.14286
 133.66834,    8.16327
 133.66834,    9.18367
 133.66834,   10.20408
 133.66834,   11.22449
 133.66834,   12.24490
 133.66834,   13.26531
 134.67337,    0.00000
 134.67337,    1.02041
 134.67337,    2.04082
 134.67337,    3.06122
 134.67337,    4.08163
 134.67337,    5.10204
 134.67337,    6.12245
 134.67337,    7.14286
 134.67337,    8.16327
 134.67337,    9.18367
 134.67337,   10.20408
 134.67337,   11.22449
 134.67337,   12.24490
 134.67337,   13.26531
 135.67839,    0.00000
 135.67839,    1.02041
 135.67839,    2.04082
 135.67839,    3.06122
 135.67839,    4.08163
 135.67839,    5.10204
 135.67839,    6.12245
 135.67839,    7.14286
 135.67839,    8.16327
 135.67839,    9.18367
 135.67839,   10.20408
 135.67839,   11.22449
 135.67839,   12.24490
 135.67839,   13.26531
 136.68342,    0.00000
 136.68342,    1.02041
 136.68342,    2.04082
 136.68342,    3.06122
 136.68342,    4.08163
 136.68342,    5.10204
 136.68342,    6.12245
 136.68342,    7.14286
 136.68342,    8.16327
 136.68342,    9.18367
 136.68342,   10.20408
 136.68342,   11.22449
 136.68342,   12.24490
 136.68342,   13.26531
 137.68844,    0.00000
 137.68844,    1.02041
 137.68844,    2.04082
 137.68844,    3.06122
 137.68844,    4.08163
 137.68844,    5.10204
 137.68844,    6.12245
 137.68844,    7.14286
 137.68844,    8.16327
 137.68844,    9.18367
 137.68844,   10.20408
 137.68844,   11.22449
 137.68844,   12.24490
 137.68844,   13.26531
 138.69347,    0.00000
 138.69347,    1.02041
 138.69347,    2.04082
 138.69347,    3.06122
 138.69347,    4.08163
 138.69347,    5.10204
 138.69347,    6.12245
 138.69347,    7.14286
 138.69347,    8.16327
 138.69347,    9.18367
 138.69347,   10.20408
 138.69347,   11.22449
 138.69347,   12.24490
 139.69849,    0.00000
 139.69849,    1.02041
 139.69849,    2.04082
 139.69849,    3.06122
 139.69849,    4.08163
 139.69849,    5.10204
 139.69849,    6.12245
 139.69849,    7.14286
 139.69849,    8.16327
 139.69849,    9.18367
 139.69849,   10.20408
 139.69849,   11.22449
 139.69849,   12.24490
 140.70352,    0.00000
 140.70352,    1.02041
 140.70352,    2.04082
 140.70352,    3.06122
 140.70352,    4.08163
 140.70352,    5.10204
 140.70352,    6.12245
 140.70352,    7.14286
 140.70352,    8.16327
 140.70352,    9.18367
 140.70352,   10.20408
 140.70352,   11.22449
 140.70352,   12.24490
 141.70854,    0.00000
 141.70854,    1.02041
 141.70854,    2.04082
 141.70854,    3.06122
 141.70854,    4.08163
 141.70854,    5.10204
 141.70854,    6.12245
 141.70854,    7.14286
 141.70854,    8.16327
 141.70854,    9.18367
 141.70854,   10.20408
 141.70854,   11.22449
 141.70854,   12.24490
 142.71357,    0.00000
 142.71357,    1.02041
 142.71357,    2.04082
 142.71357,    3.06122
 142.71357,    4.08163
 142.71357,    5.10204
 142.71357,    6.12245
 142.71357,    7.14286
 142.71357,    8.16327
 142.71357,    9.18367
 142.71357,   10.20408
 142.71357,   11.22449
 143.71859,    0.00000
 143.71859,    1.02041
 143.71859,    2.04082
 143.71859,    3.06122
 143.71859,    4.08163
 143.71859,    5.10204
 143.71859,    6.12245
 143.71859,    7.14286
 143.71859,    8.16327
 143.71859,    9.18367
 143.71859,   10.20408
 143.71859,   11.22449
 144.72362,    0.00000
 144.72362,    1.02041
 144.72362,    2.04082
 144.72362,    3.06122
 144.72362,    4.08163
 144.72362,    5.10204
 144.72362,    6.12245
 144.72362,    7.14286
 144.72362,    8.16327
 144.72362,    9.18367
 144.72362,   10.20408
 144.72362,   11.22449
 145.72864,    0.00000
 145.72864,    1.02041
 145.72864,    2.04082
 145.72864,    3.06122
 145.72864,    4.08163
 145.72864,    5.10204
 145.72864,    6.12245
 145.72864,    7.14286
 145.72864,    8.16327
 145.72864,    9.18367
 145.72864,   10.20408
 145.72864,   11.22449
 146.73367,    0.00000
 146.73367,    1.02041
 146.73367,    2.04082
 146.73367,    3.06122
 146.73367,    4.08163
 146.73367,    5.10204
 146.73367,    6.12245
 146.73367,    7.14286
 146.73367,    8.16327
 146.73367,    9.18367
 146.73367,   10.20408
 147.73869,    0.00000
 147.73869,    1.02041
 147.73869,    2.04082
 147.73869,    3.06122
 147.73869,    4.08163
 147.73869,    5.10204
 147.73869,    6.12245
 147.73869,    7.14286
 147.73869,    8.16327
 147.73869,    9.18367
 147.73869,   10.20408
 148.74372,    0.00000
 148.74372,    1.02041
 148.74372,    2.04082
 148.74372,    3.06122
 148.74372,    4.08163
 148.74372,    5.10204
 148.74372,    6.12245
 148.74372,    7.14286
 148.74372,    8.16327
 148.74372,    9.18367
 148.74372,   10.20408
 149.74874,    0.00000
 149.74874,    1.02041
 149.74874,    2.04082
 149.74874,    3.06122
 149.74874,    4.08163
 149.74874,    5.10204
 149.74874,    6.12245
 149.74874,    7.14286
 149.74874,    8.16327
 149.74874,    9.18367
 150.75377,    0.00000
 150.75377,    1.02041
 150.75377,    2.04082
 150.75377,    3.06122
 150.75377,    4.08163
 150.75377,    5.10204
 150.75377,    6.12245
 150.75377,    7.14286
 150.75377,    8.16327
 150.75377,    9.18367
 151.75879,    0.00000
 151.75879,    1.02041
 151.75879,    2.04082
 151.75879,    3.06122
 151.75879,    4.08163
 151.75879,    5.10204
 151.75879,    6.12245
 151.75879,    7.14286
 151.75879,    8.16327
 151.75879,    9.18367
 152.76382,    0.00000
 152.76382,    1.02041
 152.76382,    2.04082
 152.76382,    3.06122
 152.76382,    4.08163
 152.76382,    5.10204
 152.76382,    6.12245
 152.76382,    7.14286
 152.76382,    8.16327
 153.76884,    0.00000
 153.76884,    1.02041
 153.76884,    2.04082
 153.76884,    3.06122
 153.76884,    4.08163
 153.76884,    5.10204
 153.76884,    6.12245
 153.76884,    7.14286
 153.76884,    8.16327
 154.77387,    0.00000
 154.77387,    1.02041
 154.77387,    2.04082
 154.77387,    3.06122
 154.77387,    4.08163
 154.77387,    5.10204
 154.77387,    6.12245
 154.77387,    7.14286
 154.77387,    8.16327
 155.77889,    0.00000
 155.77889,    1.02041
 155.77889,    2.04082
 155.77889,    3.06122
 155.77889,    4.08163
 155.77889,    5.10204
 155.77889,    6.12245
 155.77889,    7.14286
 155.77889,    8.16327
 156.78392,    0.00000
 156.78392,    1.02041
 156.78392,    2.04082
 156.78392,    3.06122
 156.78392,    4.08163
 156.78392,    5.10204
 156.78392,    6.12245
 156.78392,    7.14286
 157.78894,    0.00000
 157.78894,    1.02041
 157.78894,    2.04082
 157.78894,    3.06122
 157.78894,    4.08163
 157.78894,    5.10204
 157.78894,    6.12245
 157.78894,    7.14286
 158.79397,    0.00000
 158.79397,    1.02041
 158.79397,    2.04082
 158.79397,    3.06122
 158.79397,    4.08163
 158.79397,    5.10204
 158.79397,    6.12245
 158.79397,    7.14286
 159.79899,    0.00000
 159.79899,    1.02041
 159.79899,    2.04082
 159.79899,    3.06122
 159.79899,    4.08163
 159.79899,    5.10204
 159.79899,    6.12245
 160.80402,    0.00000
 160.80402,    1.02041
 160.80402,    2.04082
 160.80402,    3.06122
 160.80402,    4.08163
 160.80402,    5.10204
 160.80402,    6.12245
 161.80905,    0.00000
 161.80905,    1.02041
 161.80905,    2.04082
 161.80905,    3.06122
 161.80905,    4.08163
 161.80905,    5.10204
 161.80905,    6.12245
 162.81407,    0.00000
 162.81407,    1.02041
 162.81407,    2.04082
 162.81407,    3.06122
 162.81407,    4.08163
 162.81407,    5.10204
 162.81407,    6.12245
 163.81910,    0.00000
 163.81910,    1.02041
 163.81910,    2.04082
 163.81910,    3.06122
 163.81910,    4.08163
 163.81910,    5.10204
 163.81910,    6.12245
 164.82412,    0.00000
 164.82412,    1.02041
 164.82412,    2.04082
 164.82412,    3.06122
 164.82412,    4.08163
 164.82412,    5.10204
 165.82915,    0.00000
 165.82915,    1.02041
 165.82915,    2.04082
 165.82915,    3.06122
 165.82915,    4.08163
 165.82915,    5.10204
 166.83417,    0.00000
 166.83417,    1.02041
 166.83417,    2.04082
 166.83417,    3.06122
 166.83417,    4.08163
 166.83417,    5.10204
 167.83920,    0.00000
 167.83920,    1.02041
 167.83920,    2.04082
 167.83920,    3.06122
 167.83920,    4.08163
 167.83920,    5.10204
 168.84422,    0.00000
 168.84422,    1.02041
 168.84422,    2.04082
 168.84422,    3.06122
 168.84422,    4.08163
 168.84422,    5.10204
 169.84925,    0.00000
 169.84925,    1.02041
 169.84925,    2.04082
 169.84925,    3.06122
 169.84925,    4.08163
 169.84925,    5.10204
 170.85427,    0.00000
 170.85427,    1.02041
 170.85427,    2.04082
 170.85427,    3.06122
 170.85427,    4.08163
 170.85427,    5.10204
 171.85930,    0.00000
 171.85930,    1.02041
 171.85930,    2.04082
 171.85930,    3.06122
 171.85930,    4.08163
 172.86432,    0.00000
 172.86432,    1.02041
 172.86432,    2.04082
 172.86432,    3.06122
 172.86432,    4.08163
 173.86935,    0.00000
 173.86935,    1.02041
 173.86935,    2.04082
 173.86935,    3.06122
 173.86935,    4.08163
 174.87437,    0.00000
 174.87437,    1.02041
 174.87437,    2.04082
 174.87437,    3.06122
 174.87437,    4.08163
 175.87940,    0.00000
 175.87940,    1.02041
 175.87940,    2.04082
 175.87940,    3.06122
 175.87940,    4.08163
 176.88442,    0.00000
 176.88442,    1.02041
 176.88442,    2.04082
 176.88442,    3.06122
 176.88442,    4.08163
 177.88945,    0.00000
 177.88945,    1.02041
 177.88945,    2.04082
 177.88945,    3.06122
 177.88945,    4.08163
 178.89447,    0.00000
 178.89447,    1.02041
 178.89447,    2.04082
 178.89447,    3.06122
 178.89447,    4.08163
 178.89447,    5.10204
 179.89950,    0.00000
 179.89950,    1.02041
 179.89950,    2.04082
 179.89950,    3.06122
 179.89950,    4.08163
 179.89950,    5.10204
 180.90452,    0.00000
 180.90452,    1.02041
 180.90452,    2.04082
 180.90452,    3.06122
 180.90452,    4.08163
 180.90452,    5.10204
 181.90955,    0.00000
 181.90955,    1.02041
 181.90955,    2.04082
 181.90955,    3.06122
 181.90955,    4.08163
 181.90955,    5.10204
 182.91457,    0.00000
 182.91457,    1.02041
 182.91457,    2.04082
 182.91457,    3.06122
 182.91457,    4.08163
 182.91457,    5.10204
 183.91960,    0.00000
 183.91960,    1.02041
 183.91960,    2.04082
 183.91960,    3.06122
 183.91960,    4.08163
 183.91960,    5.10204
 184.92462,    0.00000
 184.92462,    1.02041
 184.92462,    2.04082
 184.92462,    3.06122
 184.92462,    4.08163
 184.92462,    5.10204
 185.92965,    0.00000
 185.92965,    1.02041
 185.92965,    2.04082
 185.92965,    3.06122
 185.92965,    4.08163
 185.92965,    5.10204
 185.92965,    6.12245
 186.93467,    0.00000
 186.93467,    1.02041
 186.93467,    2.04082
 186.93467,    3.06122
 186.93467,    4.08163
 186.93467,    5.10204
 186.93467,    6.12245
 187.93970,    0.00000
 187.93970,    1.02041
 187.93970,    2.04082
 187.93970,    3.06122
 187.93970,    4.08163
 187.93970,    5.10204
 187.93970,    6.12245
 188.94472,    0.00000
 188.94472,    1.02041
 188.94472,    2.04082
 188.94472,    3.06122
 188.94472,    4.08163
 188.94472,    5.10204
 188.94472,    6.12245
 189.94975,    0.00000
 189.94975,    1.02041
 189.94975,    2.04082
 189.94975,    3.06122
 189.94975,    4.08163
 189.94975,    5.10204
 189.94975,    6.12245
 190.95477,    0.00000
 190.95477,    1.02041
 190.95477,    2.04082
 190.95477,    3.06122
 190.95477,    4.08163
 190.95477,    5.10204
 190.95477,    6.12245
 190.95477,    7.14286
 191.95980,    0.00000
 191.95980,    1.02041
 191.95980,    2.04082
 191.95980,    3.06122
 191.95980,    4.08163
 191.95980,    5.10204
 191.95980,    6.12245
 191.95980,    7.14286
 192.96482,    0.00000
 192.96482,    1.02041
 192.96482,    2.04082
 192.96482,    3.06122
 192.96482,    4.08163
 192.96482,    5.10204
 192.96482,    6.12245
 192.96482,    7.14286
 193.96985,    0.00000
 193.96985,    1.02041
 193.96985,    2.04082
 193.96985,    3.06122
 193.96985,    4.08163
 193.96985,    5.10204
 193.96985,    6.12245
 193.96985,    7.14286
 194.97487,    0.00000
 194.97487,    1.02041
 194.97487,    2.04082
 194.97487,    3.06122
 194.97487,    4.08163
 194.97487,    5.10204
 194.97487,    6.12245
 194.97487,    7.14286
 194.97487,    8.16327
 195.97990,    0.00000
 195.97990,    1.02041
 195.97990,    2.04082
 195.97990,    3.06122
 195.97990,    4.08163
 195.97990,    5.10204
 195.97990,    6.12245
 195.97990,    7.14286
 195.97990,    8.16327
 196.98492,    0.00000
 196.98492,    1.02041
 196.98492,    2.04082
 196.98492,    3.06122
 196.98492,    4.08163
 196.98492,    5.10204
 196.98492,    6.12245
 196.98492,    7.14286
 196.98492,    8.16327
 197.98995,    0.00000
 197.98995,    1.02041
 197.98995,    2.04082
 197.98995,    3.06122
 197.98995,    4.08163
 197.98995,    5.10204
 197.98995,    6.12245
 197.98995,    7.14286
 197.98995,    8.16327
 197.98995,    9.18367
 198.99497,    0.00000
 198.99497,    1.02041
 198.99497,    2.04082
 198.99497,    3.06122
 198.99497,    4.08163
 198.99497,    5.10204
 198.99497,    6.12245
 198.99497,    7.14286
 198.99497,    8.16327
 198.99497,    9.18367
 200.00000,    0.00000
 200.00000,    1.02041
 200.00000,    2.04082
 200.00000,    3.06122
 200.00000,    4.08163
 200.00000,    5.10204
 200.00000,    6.12245
 200.00000,    7.14286
 200.00000,    8.16327
 200.00000,    9.18367
